-1;SE;36888,4;SX;28,5,2021, 10:48:39;36683,44;0,555444;2,78;176,182;3m;take profit;
-1;SE;36198,96;SX;28,5,2021, 12:48:29;35994,2;0,565434;2,83;411,287;7m;take profit;
-1;SE;35988,58;SX;28,5,2021, 13:11:50;35787,59;0,5574420000000001;2,79;1166,196;19m;take profit;
-1;SE;35741,74;SX;28,5,2021, 13:48:48;35471,49;0,755244;3,78;934,147;16m;take profit;
-1;SE;36453,96;SX;28,5,2021, 15:02:47;36863,42;-1,121877;-5,61;2333,95;39m;stop loss;
-1;SE;37032,19;SX;28,5,2021, 15:13:30;36815,83;0,5834159999999999;2,92;584,666;10m;take profit;
-1;SE;36829,7;SX;28,5,2021, 16:19:41;36642,47;0,507492;2,54;3794,588;63m;take profit;
-1;SE;36161,34;SX;28,5,2021, 19:56:35;35905;0,708291;3,54;1520,6;25m;take profit;
-1;SE;36021,38;SX;28,5,2021, 20:03:23;35836,91;0,511488;2,56;175,16;3m;take profit;
-1;SE;35787,37;SX;28,5,2021, 20:18:55;35557,67;0,641358;3,21;874,141;15m;take profit;
-1;SE;36237,02;SX;28,5,2021, 21:21:06;35962,07;0,758241;3,79;1634,918;27m;take profit;
-1;SE;35919,57;SX;28,5,2021, 21:34:44;35736,93;0,507492;2,54;759,999;13m;take profit;
-1;SE;35681,23;SX;28,5,2021, 22:11:38;36046,98;-1,0239749999999999;-5,12;2155,737;36m;stop loss;
-1;SE;36145,92;SX;28,5,2021, 22:26:12;35966,88;0,494505;2,47;524,67;9m;standard;
-1;SE;35973,26;SX;28,5,2021, 22:33:04;35794,7;0,495504;2,48;352,414;6m;standard;
-1;SE;34978,08;SX;29,5,2021, 00:26:47;34800;0,508491;2,54;290,408;5m;take profit;
-1;SE;35020,44;SX;29,5,2021, 01:19:15;35369,67;-0,996003;-4,98;2914,788;49m;standard;
-1;SE;35366,4;SX;29,5,2021, 01:34:49;35731,63;-1,0319669999999999;-5,16;875,978;15m;stop loss;
-1;SE;35792,52;SX;29,5,2021, 02:52:33;36178,2;-1,0769220000000002;-5,38;4605,781;77m;stop loss;
-1;SE;36815,6;SX;29,5,2021, 08:54:48;36615,01;0,544455;2,72;3499,49;58m;take profit;
-1;SE;35524,57;SX;29,5,2021, 14:01:01;35292,09;0,653346;3,27;989,355;16m;take profit;
-1;SE;35180,79;SX;29,5,2021, 14:04:56;34940,3;0,683316;3,42;175,204;3m;take profit;
-1;SE;35081;SX;29,5,2021, 14:18:32;34889,84;0,544455;2,72;642,641;11m;take profit;
-1;SE;34713,94;SX;29,5,2021, 15:13:56;34479,92;0,6733260000000001;3,37;1575,966;26m;take profit;
-1;SE;34573,09;SX;29,5,2021, 15:30:26;34376,29;0,5684309999999999;2,84;755,988;13m;take profit;
-1;SE;35097,11;SX;29,5,2021, 16:18:05;34909,25;0,5344650000000001;2,67;349,371;6m;take profit;
-1;SE;34930,01;SX;29,5,2021, 16:21:58;34670,82;0,741258;3,71;175,191;3m;take profit;
-1;SE;34706;SX;29,5,2021, 16:36:33;34525,7;0,51948;2,60;639,884;11m;take profit;
-1;SE;34589,96;SX;29,5,2021, 17:07:38;34392,96;0,56943;2,85;1574,987;26m;take profit;
-1;SE;34479,99;SX;29,5,2021, 17:13:31;34167,35;0,906093;4,53;294,4;5m;take profit;
-1;SE;34410,7;SX;29,5,2021, 17:54:23;34229,07;0,527472;2,64;583,731;10m;take profit;
-1;SE;34345,41;SX;29,5,2021, 18:01:12;34148,9;0,5714279999999999;2,86;291,38;5m;take profit;
-1;SE;34152,7;SX;29,5,2021, 18:04:06;34607,28;-1,329669;-6,65;116,143;2m;stop loss;
-1;SE;34233,14;SX;29,5,2021, 18:31:21;34574,67;-0,9970019999999999;-4,99;1167,453;19m;standard;
-1;SE;34461,45;SX;29,5,2021, 18:55:43;35025,54;-1,635363;-8,18;1344,776;22m;stop loss;
-1;SE;34887,08;SX;29,5,2021, 19:02:31;34668,06;0,627372;3,14;350,457;6m;take profit;
-1;SE;34643,11;SX;29,5,2021, 19:14:10;34365,67;0,800199;4,00;640,95;11m;take profit;
-1;SE;34429,87;SX;29,5,2021, 19:40:29;34225,59;0,592407;2,96;1461,933;24m;take profit;
-1;SE;34187,99;SX;29,5,2021, 19:49:16;33960,73;0,664335;3,32;467,474;8m;take profit;
-1;SE;33945,63;SX;29,5,2021, 20:10:38;33773,9;0,505494;2,53;1049,287;17m;take profit;
-1;SE;33971,45;SX;29,5,2021, 21:18:41;33775,86;0,5754239999999999;2,88;1749,064;29m;take profit;
-1;SE;33826,15;SX;29,5,2021, 21:50:46;34187,74;-1,067931;-5,34;1867,648;31m;stop loss;
-1;SE;34211,16;SX;29,5,2021, 22:14:08;34038,99;0,502497;2,51;1342,725;22m;take profit;
-1;SE;33982,58;SX;29,5,2021, 22:20:58;33813,65;0,49650299999999997;2,48;350,505;6m;standard;
-1;SE;33875,11;SX;29,5,2021, 22:30:42;34211,99;-0,9930059999999999;-4,97;407,56;7m;standard;
-1;SE;34229,99;SX;29,5,2021, 22:53:01;34034,98;0,56943;2,85;1281,605;21m;take profit;
-1;SE;34099,3;SX;29,5,2021, 23:49:15;34539,72;-1,290708;-6,45;3315,495;55m;stop loss;
-1;SE;34544,91;SX;30,5,2021, 00:18:22;34339,09;0,5954039999999999;2,98;1630,11;27m;take profit;
-1;SE;34435,21;SX;30,5,2021, 01:02:03;34225,57;0,608391;3,04;2272,227;38m;take profit;
-1;SE;34578,84;SX;30,5,2021, 02:03:11;34392,15;0,53946;2,70;175,26;3m;take profit;
-1;SE;33934,53;SX;30,5,2021, 03:18:07;33762,42;0,506493;2,53;118,176;2m;take profit;
-1;SE;33836,57;SX;30,5,2021, 03:27:49;33629,94;0,610389;3,05;523,761;9m;take profit;
-1;SE;33651,79;SX;30,5,2021, 04:08:38;34041,7;-1,1578410000000001;-5,79;2390,843;40m;stop loss;
-1;SE;33998,61;SX;30,5,2021, 04:21:17;34359,86;-1,061937;-5,31;700,895;12m;stop loss;
-1;SE;34337,27;SX;30,5,2021, 05:15:42;34769,37;-1,256742;-6,28;3207,064;53m;stop loss;
-1;SE;35425,62;SX;30,5,2021, 18:21:56;35884,37;-1,2937049999999999;-6,47;3558,84;59m;stop loss;
-1;SE;35937,72;SX;30,5,2021, 18:27:44;35755,77;0,505494;2,53;290,391;5m;take profit;
-1;SE;35884,08;SX;30,5,2021, 18:41:18;35676,89;0,5764229999999999;2,88;756,032;13m;take profit;
-1;SE;35686,02;SX;30,5,2021, 20:18:29;36170,56;-1,3566420000000001;-6,78;5772,814;96m;stop loss;
-1;SE;35815;SX;31,5,2021, 01:09:42;35633,53;0,506493;2,53;349,421;6m;take profit;
-1;SE;35567,15;SX;31,5,2021, 02:09:57;35979,32;-1,1578410000000001;-5,79;3091,385;52m;stop loss;
-1;SE;35946,59;SX;31,5,2021, 02:15:47;35702,54;0,6783210000000001;3,39;291,328;5m;take profit;
-1;SE;35446,78;SX;31,5,2021, 02:34:14;35255,79;0,5384610000000001;2,69;875,131;15m;take profit;
-1;SE;34613,34;SX;31,5,2021, 07:48:04;34402,48;0,608391;3,04;757,005;13m;take profit;
-1;SE;34390,78;SX;31,5,2021, 08:12:19;34752,91;-1,051947;-5,26;1397,002;23m;stop loss;
-1;SE;34673,51;SX;31,5,2021, 08:59:52;35031,87;-1,032966;-5,16;2678,499;45m;stop loss;
-1;SE;34978,94;SX;31,5,2021, 09:05:42;35368,62;-1,112886;-5,56;291,41;5m;stop loss;
-1;SE;35277,28;SX;31,5,2021, 09:21:15;35696,7;-1,187811;-5,94;875,107;15m;stop loss;
-1;SE;35580,62;SX;31,5,2021, 09:41:40;35945,71;-1,024974;-5,12;1166,495;19m;stop loss;
-1;SE;35953,98;SX;31,5,2021, 09:56:15;35737,14;0,602397;3,01;816,191;14m;take profit;
-1;SE;35796,91;SX;31,5,2021, 10:09:54;35614,37;0,50949;2,55;759,998;13m;take profit;
+1;LE;36896,88;LX;1,6,2021, 01:18:20;37124,44;0,616383;3,08;814,069;14m;take profit;
+1;LE;37389,12;LX;1,6,2021, 04:09:11;36975,07;-1,105893;-5,53;1747,429;29m;stop loss;
+1;LE;36980,05;LX;1,6,2021, 05:33:36;36542,38;-1,1828159999999999;-5,91;5007,307;83m;stop loss;
+1;LE;36850,27;LX;1,6,2021, 09:02:20;37048,99;0,5384610000000001;2,69;1047,525;17m;take profit;
+1;LE;37057,85;LX;1,6,2021, 09:35:18;36648,12;-1,104894;-5,52;1920,295;32m;stop loss;
+1;LE;36847,39;LX;1,6,2021, 17:04:59;36480,21;-0,995004;-4,98;2153,712;36m;standard;
+1;LE;36429,59;LX;1,6,2021, 18:49:58;36024,62;-1,110888;-5,55;6240,856;104m;stop loss;
+1;LE;35891,39;LX;1,6,2021, 21:59:14;35970,61;0,220779;1,10;1048,231;17m;standard;
+1;LE;36303,4;LX;2,6,2021, 00:32:34;36335,74;0,08891099999999999;0,44;58,075;1m;standard;
+1;LE;36487,17;LX;2,6,2021, 01:01:40;36554,02;0,182817;0,91;58,091;1m;standard;
+1;LE;36519,45;LX;2,6,2021, 01:08:28;36532;0,033966;0,17;58,061;1m;standard;
+1;LE;36528,27;LX;2,6,2021, 01:29:48;36764,07;0,645354;3,23;1105,425;18m;take profit;
+1;LE;36667,35;LX;2,6,2021, 02:24:13;36304,05;-0,990009;-4,95;2683,418;45m;standard;
+1;LE;36299,99;LX;2,6,2021, 02:45:36;36491,54;0,527472;2,64;1223,561;20m;take profit;
+1;LE;36501,99;LX;2,6,2021, 03:06:59;36126,18;-1,02897;-5,14;1224,643;20m;stop loss;
+1;LE;36100,4;LX;2,6,2021, 03:58:29;36286,75;0,515484;2,58;3031,891;51m;take profit;
+1;LE;36399;LX;2,6,2021, 05:08:26;36620,29;0,6073919999999999;3,04;175,256;3m;take profit;
+1;LE;36554,93;LX;2,6,2021, 07:00:59;36744,59;0,518481;2,59;6111,343;102m;take profit;
+1;LE;36881,69;LX;2,6,2021, 09:11:02;37110,27;0,61938;3,10;3141,958;52m;take profit;
+1;LE;37413,41;LX;2,6,2021, 13:08:56;36976,49;-1,1668319999999999;-5,83;5879,08;98m;stop loss;
+1;LE;36973,44;LX;2,6,2021, 13:25:26;37212,52;0,6463530000000001;3,23;932,203;16m;take profit;
+1;LE;37190,72;LX;2,6,2021, 14:14:55;37448,31;0,6923069999999999;3,46;2911,01;49m;take profit;
+1;LE;37340,08;LX;2,6,2021, 15:28:47;37718,73;1,012986;5,06;4141,451;69m;take profit;
+1;LE;37506,46;LX;2,6,2021, 16:19:19;37710,8;0,544455;2,72;584,726;10m;take profit;
+1;LE;37635,01;LX;2,6,2021, 16:27:06;37846;0,560439;2,80;233,284;4m;take profit;
+1;LE;38063,93;LX;2,6,2021, 22:10:53;37674,82;-1,020978;-5,10;13808,4;230m;stop loss;
+1;LE;37725,89;LX;3,6,2021, 02:46:39;37345,01;-1,00899;-5,04;16487,704;275m;stop loss;
+1;LE;37499,39;LX;3,6,2021, 06:02:43;37690,16;0,508491;2,54;10774,396;180m;take profit;
+1;LE;38975,44;LX;3,6,2021, 15:02:49;39200,11;0,5754239999999999;2,88;6123,262;102m;take profit;
+1;LE;38847,08;LX;3,6,2021, 15:44:35;38450;-1,020978;-5,10;874,06;15m;stop loss;
+1;LE;38459,55;LX;3,6,2021, 16:13:43;38714,02;0,661338;3,31;1690,017;28m;take profit;
+1;LE;38856,33;LX;4,6,2021, 01:06:33;39061,23;0,526473;2,63;19789,335;330m;take profit;
+1;LE;39066,86;LX;4,6,2021, 02:55:23;38652,45;-1,059939;-5,30;6412,577;107m;stop loss;
+1;LE;38695,06;LX;4,6,2021, 03:11:55;38231,88;-1,1958030000000002;-5,98;934,038;16m;stop loss;
+1;LE;38291,11;LX;4,6,2021, 03:17:44;37743,98;-1,4275710000000001;-7,14;232,281;4m;stop loss;
-1;SE;36906,98;SX;5,6,2021, 02:29:53;37292,14;-1,042956;-5,21;1282,527;21m;stop loss;
-1;SE;37329,26;SX;5,6,2021, 02:58:04;37713,66;-1,02897;-5,14;1632,005;27m;stop loss;
-1;SE;37692,36;SX;5,6,2021, 04:29:23;37500,99;0,507492;2,54;5420,387;90m;take profit;
+1;LE;37605,73;LX;5,6,2021, 08:46:29;37660;0,14385599999999998;0,72;58,071;1m;standard;
+1;LE;37662,33;LX;5,6,2021, 09:06:52;37852,3;0,503496;2,52;1165,31;19m;take profit;
+1;LE;37824,48;LX;5,6,2021, 11:43:57;37425,35;-1,053945;-5,27;9308,194;155m;stop loss;
+1;LE;37338,71;LX;5,6,2021, 11:50:48;36498,62;-2,24775;-11,24;351,396;6m;stop loss;
+1;LE;36470,07;LX;5,6,2021, 12:05:21;36108,63;-0,990009;-4,95;815,049;14m;standard;
+1;LE;36111,65;LX;5,6,2021, 12:09:16;36385,03;0,756243;3,78;176,254;3m;take profit;
+1;LE;36214,41;LX;5,6,2021, 12:16:04;36398,99;0,50949;2,55;349,44;6m;take profit;
+1;LE;36446,97;LX;5,6,2021, 12:20:54;36629,04;0,4995;2,50;232,277;4m;take profit;
+1;LE;36618,87;LX;5,6,2021, 12:29:39;36615,73;-0,008990999999999999;-0,04;408,463;7m;standard;
-1;SE;35795;SX;5,6,2021, 17:00:43;35600;0,544455;2,72;1347,613;22m;take profit;
-1;SE;36107,84;SX;5,6,2021, 19:14:09;35889,78;0,6033959999999999;3,02;5607,993;93m;take profit;
-1;SE;35914,24;SX;5,6,2021, 21:55:35;35727,66;0,51948;2,60;9568,788;159m;take profit;
-1;SE;35902,26;SX;5,6,2021, 22:48:05;35614,63;0,800199;4,00;2451,352;41m;take profit;
-1;SE;35697,05;SX;5,6,2021, 23:24:05;35500;0,551448;2,76;1984,025;33m;take profit;
-1;SE;35325,57;SX;6,6,2021, 02:27:16;35688,42;-1,0259729999999998;-5,13;3968,518;66m;stop loss;
-1;SE;35651,12;SX;6,6,2021, 03:23:41;36080,58;-1,2037950000000002;-6,02;3325,59;55m;stop loss;
-1;SE;36024,06;SX;6,6,2021, 14:54:17;35811,19;0,590409;2,95;2273,621;38m;take profit;
-1;SE;35852,19;SX;6,6,2021, 15:46:46;35653,31;0,5544450000000001;2,77;2799,157;47m;take profit;
-1;SE;35817,65;SX;6,6,2021, 16:54:48;36200,01;-1,066932;-5,33;348,204;6m;stop loss;
-1;SE;36140,58;SX;6,6,2021, 19:45:41;35954,21;0,515484;2,58;10194,039;170m;take profit;
-1;SE;35814,82;SX;7,6,2021, 00:16:51;35610,79;0,56943;2,85;5946,541;99m;take profit;
-1;SE;35648,64;SX;7,6,2021, 02:12:30;36046,83;-1,115883;-5,58;3551,821;59m;stop loss;
-1;SE;35984,86;SX;7,6,2021, 02:42:43;36375,53;-1,0849140000000002;-5,42;1755,255;29m;stop loss;
-1;SE;36345,79;SX;7,6,2021, 03:47:51;36732,88;-1,0639349999999999;-5,32;3849,206;64m;stop loss;
-1;SE;36118,03;SX;7,6,2021, 09:18:11;35935,79;0,504495;2,52;2794,368;47m;take profit;
-1;SE;36129,62;SX;7,6,2021, 10:21:22;35940,02;0,524475;2,62;2680,149;45m;take profit;
-1;SE;35962,37;SX;7,6,2021, 11:37:12;36336,22;-1,03896;-5,19;4432,168;74m;stop loss;
-1;SE;36310,28;SX;7,6,2021, 14:33:09;36788,2;-1,314684;-6,57;10498,881;175m;stop loss;
-1;SE;36586,23;SX;7,6,2021, 15:53:48;36365,61;0,602397;3,01;2857,119;48m;take profit;
-1;SE;36033,36;SX;7,6,2021, 18:25:19;35855,63;0,492507;2,46;4599,374;77m;standard;
-1;SE;35689,04;SX;7,6,2021, 20:17:58;35483,99;0,574425;2,87;2040,498;34m;take profit;
-1;SE;35579,58;SX;7,6,2021, 22:33:02;35397,34;0,511488;2,56;2623,09;44m;take profit;
-1;SE;33631,23;SX;8,6,2021, 04:37:19;33424,32;0,614385;3,07;3748,699;62m;take profit;
-1;SE;32835,79;SX;8,6,2021, 08:21:51;32667,09;0,513486;2,57;1109,474;18m;take profit;
-1;SE;33174,68;SX;8,6,2021, 09:35:56;33008,37;0,500499;2,50;524,279;9m;take profit;
-1;SE;32884,03;SX;8,6,2021, 10:20:46;33218,74;-1,016982;-5,08;2632,328;44m;stop loss;
-1;SE;33184,99;SX;8,6,2021, 10:56:47;33018,52;0,501498;2,51;2102,538;35m;take profit;
-1;SE;33037,28;SX;8,6,2021, 11:01:41;32847,34;0,574425;2,87;236,163;4m;take profit;
-1;SE;32753,43;SX;8,6,2021, 12:07:53;33083,03;-1,004994;-5,02;993,759;17m;stop loss;
-1;SE;33116,02;SX;8,6,2021, 12:27:21;32927,31;0,56943;2,85;1108,852;18m;take profit;
-1;SE;32845,39;SX;8,6,2021, 15:29:07;32600;0,7462529999999999;3,73;10847,022;181m;take profit;
-1;SE;32168,73;SX;8,6,2021, 18:26:12;31946,67;0,68931;3,45;523,375;9m;take profit;
-1;SE;31962,6;SX;8,6,2021, 20:08:19;32306,15;-1,073925;-5,37;6067,799;101m;stop loss;
-1;SE;32396,74;SX;8,6,2021, 21:00:47;32731,33;-1,0319669999999999;-5,16;2213,669;37m;stop loss;
-1;SE;32750,91;SX;9,6,2021, 06:22:36;32546,18;0,624375;3,12;4312,615;72m;take profit;
-1;SE;33153,39;SX;9,6,2021, 07:17:04;33768,29;-1,853145;-9,27;234,174;4m;stop loss;
-1;SE;33550,26;SX;9,6,2021, 08:43:42;33909,73;-1,069929;-5,35;5139,083;86m;stop loss;
+1;LE;37105,39;LX;10,6,2021, 03:14:14;37308,17;0,545454;2,73;2390,899;40m;take profit;
+1;LE;37194,89;LX;10,6,2021, 04:01:52;36759,78;-1,16883;-5,84;2800,82;47m;stop loss;
+1;LE;36796,66;LX;10,6,2021, 04:24:20;36999,85;0,551448;2,76;1289,571;21m;take profit;
+1;LE;36993;LX;10,6,2021, 05:03:20;37213,07;0,594405;2,97;2282,07;38m;take profit;
+1;LE;37010,2;LX;10,6,2021, 06:13:32;37197,4;0,505494;2,53;1635,6;27m;take profit;
+1;LE;37160,94;LX;10,6,2021, 06:36:55;36782,39;-1,0179809999999998;-5,09;1287,552;21m;stop loss;
+1;LE;36785;LX;10,6,2021, 10:45:47;36417,23;-0,999;-5,00;14873,736;248m;stop loss;
+1;LE;37784,72;LX;10,6,2021, 16:02:04;38100,63;0,835164;4,18;8098,446;135m;take profit;
+1;LE;37239,34;LX;10,6,2021, 16:48:50;36839,98;-1,070928;-5,35;525,452;9m;stop loss;
+1;LE;36860,01;LX;10,6,2021, 16:53:42;37043,17;0,49650299999999997;2,48;233,186;4m;standard;
+1;LE;37089,4;LX;10,6,2021, 17:46:12;36715,75;-1,005993;-5,03;3091,645;52m;stop loss;
+1;LE;36827,11;LX;11,6,2021, 02:02:42;36355,56;-1,27872;-6,39;2911,537;49m;stop loss;
+1;LE;36502,89;LX;11,6,2021, 03:11:47;36111,72;-1,070928;-5,35;2041,656;34m;stop loss;
+1;LE;36097,59;LX;11,6,2021, 03:42:51;36291,99;0,5384610000000001;2,69;1748,527;29m;take profit;
+1;LE;36759,49;LX;11,6,2021, 06:38:19;36953,45;0,527472;2,64;2340,899;39m;take profit;
+1;LE;36896,58;LX;11,6,2021, 06:53:57;37089,98;0,523476;2,62;587,174;10m;take profit;
+1;LE;37067,35;LX;11,6,2021, 11:27:11;37262,69;0,526473;2,63;2930,217;49m;take profit;
+1;LE;37278,77;LX;11,6,2021, 12:05:19;37463,75;0,495504;2,48;2228,89;37m;standard;
+1;LE;37383,07;LX;11,6,2021, 12:45:10;37628,58;0,656343;3,28;1865,997;31m;take profit;
+1;LE;37466,46;LX;11,6,2021, 14:09:48;37094,25;-0,992007;-4,96;3326,725;55m;standard;
+1;LE;37097,82;LX;11,6,2021, 14:49:44;37333;0,633366;3,17;2338,72;39m;take profit;
+1;LE;37302,98;LX;11,6,2021, 15:16:58;37492,36;0,507492;2,54;1575,167;26m;take profit;
+1;LE;37374,15;LX;11,6,2021, 17:04:59;36937,93;-1,1658330000000001;-5,83;5723,879;95m;stop loss;
+1;LE;36990,35;LX;11,6,2021, 18:31:33;36600,01;-1,053945;-5,27;5135,189;86m;stop loss;
+1;LE;37275,98;LX;11,6,2021, 23:33:49;36862,74;-1,107891;-5,54;5128,101;85m;stop loss;
+1;LE;36923,55;LX;12,6,2021, 00:23:26;37109,17;0,502497;2,51;2918,417;49m;take profit;
+1;LE;37000,95;LX;12,6,2021, 01:47:04;37280,85;0,755244;3,78;1460,084;24m;take profit;
+1;LE;37247,45;LX;12,6,2021, 03:20:26;36873,87;-1,0019969999999998;-5,01;5367,492;89m;stop loss;
+1;LE;36372,82;LX;12,6,2021, 04:18:50;35961,8;-1,1288699999999998;-5,64;2628,093;44m;stop loss;
-1;SE;35489,89;SX;12,6,2021, 20:38:10;35850;-1,013985;-5,07;5774,745;96m;stop loss;
-1;SE;35776,79;SX;13,6,2021, 01:49:02;35550,32;0,632367;3,16;1689,268;28m;take profit;
-1;SE;35514,34;SX;13,6,2021, 03:02:58;35886,9;-1,0479509999999999;-5,24;1814,427;30m;stop loss;
-1;SE;35805,53;SX;13,6,2021, 04:22:34;35618,84;0,520479;2,60;4716,541;79m;take profit;
-1;SE;35091,28;SX;13,6,2021, 07:15:46;34910,21;0,515484;2,58;524,335;9m;take profit;
-1;SE;34902,85;SX;13,6,2021, 08:58:56;35317,79;-1,187811;-5,94;5957,913;99m;stop loss;
-1;SE;35334,34;SX;13,6,2021, 11:58:02;35822,73;-1,380618;-6,90;10687,303;178m;stop loss;
+1;LE;38935,31;LX;14,6,2021, 06:19:02;39176,5;0,618381;3,09;7238,69;121m;take profit;
+1;LE;39105,45;LX;14,6,2021, 06:48:14;39319,41;0,5464530000000001;2,73;1283,601;21m;take profit;
+1;LE;39243,97;LX;14,6,2021, 07:31:05;39438,82;0,49650299999999997;2,48;2454,118;41m;standard;
+1;LE;39254,01;LX;14,6,2021, 08:52:51;39572,15;0,8091900000000001;4,05;1461,744;24m;take profit;
+1;LE;39527,63;LX;14,6,2021, 10:13:27;39129,11;-1,006992;-5,03;4253,446;71m;stop loss;
+1;LE;39164,7;LX;14,6,2021, 12:52:09;39358,92;0,495504;2,48;9287,715;155m;standard;
+1;LE;39157,99;LX;14,6,2021, 14:40:55;39371,89;0,545454;2,73;2621,013;44m;take profit;
+1;LE;40327,56;LX;14,6,2021, 18:42:57;39901,5;-1,054944;-5,27;1110,927;19m;stop loss;
+1;LE;39881,73;LX;14,6,2021, 18:57:34;40115,37;0,585414;2,93;818,592;14m;take profit;
+1;LE;40113,41;LX;14,6,2021, 20:49:09;39708,21;-1,00899;-5,04;6636,009;111m;stop loss;
+1;LE;40705,57;LX;15,6,2021, 03:05:53;40243,88;-1,132866;-5,66;2334,85;39m;stop loss;
+1;LE;40192,6;LX;15,6,2021, 05:02:17;40429,53;0,588411;2,94;6459,716;108m;take profit;
+1;LE;40310,08;LX;15,6,2021, 06:43:17;40521,11;0,523476;2,62;2506,965;42m;take profit;
+1;LE;40411,81;LX;15,6,2021, 10:43:16;39976,03;-1,0769220000000002;-5,38;14222,776;237m;stop loss;
+1;LE;40205,08;LX;15,6,2021, 17:04:30;39804,81;-0,995004;-4,98;4081,187;68m;standard;
+1;LE;40615,19;LX;15,6,2021, 21:24:59;40204,67;-1,0099889999999998;-5,05;1399,127;23m;stop loss;
+1;LE;40250,23;LX;15,6,2021, 21:54:08;39826,69;-1,050948;-5,25;1691,159;28m;stop loss;
+1;LE;39911;LX;15,6,2021, 22:34:01;40157,51;0,617382;3,09;2333,691;39m;take profit;
+1;LE;40202,97;LX;16,6,2021, 12:41:08;39777,01;-1,05894;-5,29;10663,307;178m;stop loss;
-1;SE;37778,98;SX;18,6,2021, 03:32:45;37587,98;0,505494;2,53;13269,73;221m;take profit;
-1;SE;37650,11;SX;18,6,2021, 04:08:40;37395;0,6773220000000001;3,39;1747,366;29m;take profit;
-1;SE;37439,22;SX;18,6,2021, 04:24:10;37222,14;0,5794199999999999;2,90;290,171;5m;take profit;
-1;SE;37865,47;SX;18,6,2021, 07:52:25;37647,28;0,5754239999999999;2,88;10978,533;183m;take profit;
-1;SE;37508,24;SX;18,6,2021, 10:25:25;37887,28;-1,0099889999999998;-5,05;5671,946;95m;stop loss;
-1;SE;37894,07;SX;18,6,2021, 11:06:20;37703,4;0,502497;2,51;2164,807;36m;take profit;
-1;SE;37651,01;SX;18,6,2021, 14:20:54;37460,36;0,505494;2,53;6058,804;101m;take profit;
-1;SE;37312;SX;18,6,2021, 15:15:16;37127,32;0,494505;2,47;176,106;3m;standard;
-1;SE;37274,89;SX;18,6,2021, 15:25:02;37078,68;0,525474;2,63;469,346;8m;take profit;
-1;SE;35488,8;SX;19,6,2021, 01:34:50;35843,19;-0,998001;-4,99;8061,18;134m;standard;
-1;SE;35802,36;SX;19,6,2021, 01:52:19;35618,75;0,512487;2,56;817,392;14m;take profit;
-1;SE;35615,29;SX;19,6,2021, 03:09:04;35973,58;-1,004994;-5,02;4546,875;76m;stop loss;
-1;SE;36167,69;SX;19,6,2021, 04:17:08;35988,74;0,494505;2,47;1402,531;23m;standard;
-1;SE;35222,79;SX;19,6,2021, 06:49:56;35050,01;0,490509;2,45;293,099;5m;standard;
-1;SE;35013,89;SX;19,6,2021, 07:21:05;35396,01;-1,089909;-5,45;1810,808;30m;stop loss;
-1;SE;35381,41;SX;19,6,2021, 08:58:29;35762,28;-1,074924;-5,37;5785,37;96m;stop loss;
-1;SE;35481,97;SX;19,6,2021, 21:22:50;35924,69;-1,246752;-6,23;1336,95;22m;stop loss;
-1;SE;35896,41;SX;19,6,2021, 21:33:30;35707,14;0,526473;2,63;581,486;10m;take profit;
-1;SE;35724,99;SX;19,6,2021, 22:50:06;36097,95;-1,042956;-5,21;4537,183;76m;stop loss;
-1;SE;35730,49;SX;20,6,2021, 01:31:21;35536,54;0,5424570000000001;2,71;581,419;10m;take profit;
-1;SE;35540,61;SX;20,6,2021, 02:08:20;35347,99;0,541458;2,71;2160,567;36m;take profit;
-1;SE;35348,65;SX;20,6,2021, 03:25:01;35714,76;-1,034964;-5,17;4543,321;76m;stop loss;
-1;SE;35684,87;SX;20,6,2021, 04:06:42;35473,35;0,592407;2,96;2442,901;41m;take profit;
-1;SE;35509,6;SX;20,6,2021, 04:29:58;35316,6;0,543456;2,72;1104,877;18m;take profit;
-1;SE;35530,68;SX;20,6,2021, 10:41:36;35335,44;0,548451;2,74;20143,782;336m;take profit;
-1;SE;35295,75;SX;20,6,2021, 11:52:25;34963,3;0,941058;4,71;3783,446;63m;take profit;
-1;SE;33934,25;SX;20,6,2021, 16:02:25;33764,87;0,49850099999999997;2,49;2506,909;42m;standard;
-1;SE;33832,23;SX;20,6,2021, 16:18:56;34197,06;-1,0769220000000002;-5,38;815,647;14m;stop loss;
-1;SE;34125,12;SX;20,6,2021, 17:19:07;34513,49;-1,1368619999999998;-5,68;3320,622;55m;stop loss;
-1;SE;34521,37;SX;20,6,2021, 18:03:45;34305,75;0,624375;3,12;2619,873;44m;take profit;
-1;SE;34540,01;SX;20,6,2021, 20:39:58;34888,77;-1,00899;-5,04;5878,546;98m;stop loss;
-1;SE;35025,62;SX;21,6,2021, 05:34:32;34842,55;0,522477;2,61;234,117;4m;take profit;
-1;SE;34420,69;SX;21,6,2021, 08:27:26;34059,98;1,046952;5,23;1407,504;23m;take profit;
-1;SE;33150,01;SX;21,6,2021, 10:35:15;32901,29;0,74925;3,75;292,376;5m;take profit;
-1;SE;32818,13;SX;21,6,2021, 11:33:36;33154,06;-1,022976;-5,11;232,331;4m;stop loss;
-1;SE;33111,7;SX;21,6,2021, 12:08:31;32908,05;0,614385;3,07;1164,112;19m;take profit;
-1;SE;32772,33;SX;21,6,2021, 12:25:04;32536,81;0,718281;3,59;934,454;16m;take profit;
-1;SE;32628,41;SX;21,6,2021, 12:31:54;32466,7;0,495504;2,48;291,523;5m;standard;
-1;SE;32620,51;SX;21,6,2021, 12:53:14;32430,12;0,5834159999999999;2,92;873,536;15m;take profit;
-1;SE;32518,49;SX;21,6,2021, 14:05:11;32343,65;0,537462;2,69;816,581;14m;take profit;
-1;SE;32300,01;SX;21,6,2021, 14:27:34;32643,19;-1,0609380000000002;-5,30;1284,955;21m;stop loss;
-1;SE;32606,74;SX;21,6,2021, 14:45:06;32440,63;0,508491;2,54;993,745;17m;take profit;
-1;SE;32373,16;SX;21,6,2021, 14:52:54;32173,87;0,615384;3,08;410,536;7m;take profit;
-1;SE;32181,27;SX;21,6,2021, 15:05:33;31962,03;0,680319;3,40;466,729;8m;take profit;
-1;SE;32164,32;SX;21,6,2021, 15:20:12;32551,1;-1,201797;-6,01;350,623;6m;stop loss;
-1;SE;32522,1;SX;21,6,2021, 15:45:26;32929,85;-1,252746;-6,26;873,4;15m;stop loss;
-1;SE;32924,53;SX;21,6,2021, 16:17:35;32703,36;0,671328;3,36;1868,994;31m;take profit;
-1;SE;32677,61;SX;21,6,2021, 17:38:16;32516,38;0,492507;2,46;4782,327;80m;standard;
-1;SE;32704,97;SX;21,6,2021, 18:21:04;32535;0,51948;2,60;1283,228;21m;take profit;
-1;SE;32567,61;SX;21,6,2021, 18:32:45;32333,24;0,7192799999999999;3,60;583,015;10m;take profit;
-1;SE;32298,9;SX;21,6,2021, 18:43:23;32114,61;0,570429;2,85;174,178;3m;take profit;
-1;SE;32403,93;SX;21,6,2021, 19:47:41;32220,66;0,565434;2,83;1811,124;30m;take profit;
-1;SE;32173,13;SX;21,6,2021, 20:19:45;32534,65;-1,1228760000000002;-5,61;1866,407;31m;stop loss;
-1;SE;32460,09;SX;21,6,2021, 20:54:44;32824,3;-1,120878;-5,60;2039,674;34m;stop loss;
-1;SE;32807,43;SX;21,6,2021, 21:03:28;32627,5;0,547452;2,74;465,674;8m;take profit;
-1;SE;32620,93;SX;21,6,2021, 21:30:40;32393,19;0,697302;3,49;1572,756;26m;take profit;
-1;SE;32368,49;SX;21,6,2021, 22:36:44;32690,88;-0,995004;-4,98;3847,871;64m;standard;
-1;SE;32679,64;SX;21,6,2021, 23:01:58;32505,77;0,531468;2,66;1106,067;18m;take profit;
-1;SE;31861,2;SX;22,6,2021, 00:31:21;31685,15;0,552447;2,76;292,541;5m;take profit;
-1;SE;31783,86;SX;22,6,2021, 00:40:08;31621,68;0,50949;2,55;468,871;8m;take profit;
-1;SE;31657,9;SX;22,6,2021, 00:51:49;31450,82;0,653346;3,27;642,131;11m;take profit;
-1;SE;31418,75;SX;22,6,2021, 01:20:59;31761,19;-1,08891;-5,44;1167,909;19m;stop loss;
-1;SE;31763,98;SX;22,6,2021, 01:50:10;31544,23;0,6913079999999999;3,46;1400,549;23m;take profit;
-1;SE;31625,09;SX;22,6,2021, 02:03:45;31434,38;0,602397;3,01;699,26;12m;take profit;
-1;SE;31542,31;SX;22,6,2021, 02:16:23;31386,26;0,494505;2,47;641,328;11m;standard;
-1;SE;31294,12;SX;22,6,2021, 02:46:28;31639,99;-1,103895;-5,52;1455,575;24m;stop loss;
-1;SE;31676,18;SX;22,6,2021, 03:03:01;32103,35;-1,347651;-6,74;933,706;16m;stop loss;
-1;SE;32059,78;SX;22,6,2021, 03:11:46;32378;-0,992007;-4,96;465,855;8m;standard;
-1;SE;32450,01;SX;22,6,2021, 03:14:41;32782,35;-1,022976;-5,11;116,187;2m;stop loss;
-1;SE;32938,48;SX;22,6,2021, 03:17:36;32688,86;0,757242;3,79;116,174;2m;take profit;
-1;SE;32621,99;SX;22,6,2021, 03:34:09;32451,46;0,522477;2,61;933,696;16m;take profit;
-1;SE;32462,51;SX;22,6,2021, 04:58:40;32801,73;-1,043955;-5,22;5012,744;84m;stop loss;
-1;SE;31928,16;SX;22,6,2021, 12:52:01;31691,4;0,741258;3,71;350,607;6m;take profit;
-1;SE;31725;SX;22,6,2021, 13:06:34;31556,89;0,52947;2,65;756,366;13m;take profit;
-1;SE;31566,86;SX;22,6,2021, 13:29:55;31365,81;0,636363;3,18;1225,243;20m;take profit;
-1;SE;31330;SX;22,6,2021, 14:01:01;31151,41;0,56943;2,85;1750,081;29m;take profit;
-1;SE;30336,65;SX;22,6,2021, 17:09:55;30695;-1,179819;-5,90;290,56;5m;stop loss;
-1;SE;30785,91;SX;22,6,2021, 17:15:44;30623,57;0,526473;2,63;290,556;5m;take profit;
-1;SE;30605,1;SX;22,6,2021, 17:21:35;30947,58;-1,117881;-5,59;292,472;5m;stop loss;
-1;SE;30870,19;SX;22,6,2021, 17:27:28;31231,16;-1,167831;-5,84;293,56;5m;stop loss;
-1;SE;31258,24;SX;22,6,2021, 17:31:23;31570,13;-0,9970019999999999;-4,99;176,296;3m;standard;
-1;SE;31473,35;SX;22,6,2021, 18:01:37;32125,38;-2,069928;-10,35;1756,281;29m;stop loss;
-1;SE;32150,12;SX;22,6,2021, 18:20:09;32569,19;-1,3016969999999999;-6,51;1052,872;18m;stop loss;
-1;SE;34099,99;SX;23,6,2021, 03:17:45;33909,6;0,5574420000000001;2,79;232,432;4m;take profit;
